# Skeleton Prediction Data
# Number of joints: 53
# Class: articulationxl
# Format: joint_index x y z parent_index name
0 0.003906 -0.027344 0.035156 -1 bone_0
1 0.003906 -0.066406 0.050781 0 bone_1
2 0.003906 -0.152344 0.074219 1 bone_2
3 0.003906 -0.222656 0.082031 2 bone_3
4 0.003906 -0.238281 0.082031 3 bone_4
5 0.003906 -0.324219 0.097656 4 bone_5
6 0.003906 -0.394531 0.121094 5 bone_6
7 0.003906 -0.457031 0.128906 6 bone_7
8 0.003906 -0.527344 0.066406 7 bone_8
9 0.003906 -0.566406 0.136719 7 bone_9
10 0.003906 -0.566406 0.082031 7 bone_10
11 0.027344 -0.246094 0.113281 4 bone_11
12 0.089844 -0.230469 0.144531 11 bone_12
13 0.246094 -0.144531 0.183594 12 bone_13
14 0.441406 -0.214844 0.175781 13 bone_14
15 0.503906 -0.253906 0.167969 14 bone_15
16 0.535156 -0.207031 0.175781 14 bone_16
17 0.527344 -0.183594 0.175781 14 bone_17
18 -0.019531 -0.246094 0.113281 4 bone_18
19 -0.082031 -0.230469 0.144531 18 bone_19
20 -0.238281 -0.144531 0.183594 19 bone_20
21 -0.433594 -0.214844 0.175781 20 bone_21
22 -0.496094 -0.253906 0.167969 21 bone_22
23 -0.527344 -0.207031 0.175781 21 bone_23
24 -0.519531 -0.183594 0.175781 21 bone_24
25 0.058594 -0.027344 0.035156 1 bone_25
26 0.074219 0.011719 -0.050781 25 bone_26
27 0.074219 0.035156 -0.160156 26 bone_27
28 0.074219 0.019531 -0.191406 27 bone_28
29 0.082031 -0.003906 -0.199219 28 bone_29
30 0.074219 -0.019531 -0.199219 28 bone_30
31 0.074219 -0.042969 -0.199219 30 bone_31
32 0.058594 -0.011719 -0.199219 28 bone_32
33 0.050781 -0.035156 -0.199219 32 bone_33
34 -0.050781 -0.027344 0.035156 1 bone_34
35 -0.066406 0.011719 -0.050781 34 bone_35
36 -0.066406 0.035156 -0.160156 35 bone_36
37 -0.066406 0.019531 -0.191406 36 bone_37
38 -0.074219 -0.003906 -0.199219 37 bone_38
39 -0.066406 -0.019531 -0.199219 37 bone_39
40 -0.066406 -0.042969 -0.199219 39 bone_40
41 -0.050781 -0.011719 -0.199219 37 bone_41
42 -0.042969 -0.035156 -0.199219 41 bone_42
43 -0.050781 -0.011719 -0.199219 37 bone_43
44 -0.042969 -0.035156 -0.199219 43 bone_44
45 0.003906 0.128906 0.074219 1 bone_45
46 0.003906 0.261719 0.082031 45 bone_46
47 0.003906 0.378906 0.089844 46 bone_47
48 0.003906 0.496094 0.097656 47 bone_48
49 0.066406 0.222656 0.082031 45 bone_49
50 0.152344 0.308594 0.097656 49 bone_50
51 -0.058594 0.222656 0.082031 45 bone_51
52 -0.144531 0.308594 0.097656 51 bone_52

# Tail positions
# Format: joint_index tail_x tail_y tail_z
0 0.003906 -0.066406 0.050781
1 0.003906 -0.085938 0.058594
2 0.003906 -0.222656 0.082031
3 0.003906 -0.238281 0.082031
4 0.003906 -0.246094 0.082031
5 0.003906 -0.394531 0.121094
6 0.003906 -0.457031 0.128906
7 0.003906 -0.488281 0.132812
8 0.003906 -0.562500 0.035156
9 0.003906 -0.621094 0.140625
10 0.003906 -0.621094 0.058594
11 0.089844 -0.230469 0.144531
12 0.246094 -0.144531 0.183594
13 0.441406 -0.214844 0.175781
14 0.539062 -0.250000 0.171875
15 0.535156 -0.273438 0.164062
16 0.582031 -0.203125 0.175781
17 0.570312 -0.167969 0.175781
18 -0.082031 -0.230469 0.144531
19 -0.238281 -0.144531 0.183594
20 -0.433594 -0.214844 0.175781
21 -0.531250 -0.250000 0.171875
22 -0.527344 -0.273438 0.164062
23 -0.574219 -0.203125 0.175781
24 -0.562500 -0.167969 0.175781
25 0.074219 0.011719 -0.050781
26 0.074219 0.035156 -0.160156
27 0.074219 0.019531 -0.191406
28 0.074219 0.011719 -0.207031
29 0.085938 -0.015625 -0.203125
30 0.074219 -0.042969 -0.199219
31 0.074219 -0.054688 -0.199219
32 0.050781 -0.035156 -0.199219
33 0.046875 -0.046875 -0.199219
34 -0.066406 0.011719 -0.050781
35 -0.066406 0.035156 -0.160156
36 -0.066406 0.019531 -0.191406
37 -0.066406 0.011719 -0.207031
38 -0.078125 -0.015625 -0.203125
39 -0.066406 -0.042969 -0.199219
40 -0.066406 -0.054688 -0.199219
41 -0.042969 -0.035156 -0.199219
42 -0.039062 -0.046875 -0.199219
43 -0.042969 -0.035156 -0.199219
44 -0.039062 -0.046875 -0.199219
45 0.003906 0.226562 0.085938
46 0.003906 0.378906 0.089844
47 0.003906 0.496094 0.097656
48 0.003906 0.554688 0.101562
49 0.152344 0.308594 0.097656
50 0.195312 0.351562 0.105469
51 -0.144531 0.308594 0.097656
52 -0.187500 0.351562 0.105469
